6746590978280279301
6748582567995378949
6748605663171136773
6750663345616981253
6752944407395175686
6755172553632926981
6756623980511137026
6756710318363168006
6758547542276852998
6759058155272965381
6759290818982399238
6759592971953327365
6760067971227323653
6761937560378936581
6764365112364076293
6764504823481109765
6764983068668333318
6767012149236600070
6767438501068754182
6768354102876458245
6769885035374988549
6770054795723050246
6770472824516693253
6770849829225647366
6771161534275046662
6771231129975491845
6771276995037875462
6771562298327764230
6771960739432385798
6771972405695941893
6772014987989847301
6772538517546437894
6772668269594676486
6773460925694446854
6773464240054390022
6773792408506289414
6774202034888494342
6774536897747307781
6774870528286133510
6775900332447812869
6777184786655071494
6777797227130785029
6777844082757602566
6777863676742421765
6778591131790740742
6779346790517935365
6779429549735251205
6779696108386946309
6780029145234640133
6780046301083077894
6780432622469254406
6780787884136893701
6781186275815836934
6781607955742592261
6784285886688365829
6784825179278232837
6786020706023984390
6786612982823603461
6788153393752902918
6790381442741374213
6790821411058502918
6791485582032768261
6791495074325794053
6792348172476828934
6793426109787573509
6793721509094427910
6793766811679739142
6794569035423042822
6795278985115766022
6795757289136508166
6796368179342871814
6796548791026732290
6796592725325024513
6796942443125280002
6797317995686399234
6797401448968703233
6797540340195806470
6797631615511137537
6797717883922156805
6797811515782188293
6797938891652369669
6798292909771754757
6798329681771826437
6798847593448344833
6799067491281800454
6799102477317737733
6799265120112381189
6799327443711741189
6800058603928554758
6800171859607309573
6800361054195961093
6800483420788116742
6801473135003831557
6801498431752817925
6801947406649937157
6802003835943439622
6802181792771214597
6802402578429725958
6803512803484257541
6803815447868247301
6804460855879666949
6804651249166765318
6806078108182138117
6807045801831910661
6807480687743061254
6807596946061036805
6807774371759836422
6808043061965278466
6808205297929194757
6808647931437042950
6808724630455602438
6809462859513269509
6809719173711662342
6809784645324901637
6810040438511389958
6810087410592992517
6810834928998124805
6810854325556874501
6810896835239087366
6811202812408581382
6811209006904823046
6811827407188659461
6811978927536475397
6812671097239096582
6812770101339622661
6813347214878969093
6813379290470845701
6813773807589920006
6813855673550523653
6813907293189524741
6815222228926385414
6815335694647577862
6815588259243052293
6815696445757246725
6817015514477497605
6817134221451087110
6817680759210380550
6818271063621913862
6819308319749065990
6819390765974801669
6820255288243801349
6820481322675408133
6820500966064803078
6820854563667512582
6821720608649284869
6821953353967308038
6822383850115599622
6822658225956015366
6822716706205551877
6823016885173488901
6823114700927077637
6823150407141870853
6823172346300484869
6823244911517650181
6823507064602578181
6823567601118006533
6823594009143807237
6823822620740406533
6823877763733163269
6824468292019703046
6824473975184215302
6824514077121858821
6824674705908206854
6826091223623814406
6826119599080164613
6826621511240125701
6826739678994025733
6826791523628207366
6826837442876787973
6827134572032036102
6827474686679534853
6827897284617981190
6827908385145457925
6828271952529018118
6828301861104192773
6828880016210693381
6829049389516918022
6829180191747689733
6829363900652227845
6829937184804474118
6830188769027673349
6830212829866511622
6830526196862799110
6830599621186833670
6831196227586100485
6831239048640744710
6831244180468059397
6831279827241192710
6831332182808726790
6831564986251332870
6831595703127559429
6831601449559018758
6831674923837033734
6831974715158957318
6832044820379356422
6832068667585481990
6832326075469630725
6832356332419419398
6832378851029437702
6832624751052131590
6833019851758488837
6833063485887319301
6833121699702131974
6833144672840404230
6833223076285664518
6833378072037821701
6833408431366393094
6833449225460763910
6833499235845950725
6833534131670912262
6833537913616174341
6833557858857094405
6833750252403657989
6833753850940312837
6833780699510754565
6833794290653678854
6833858048763694342
6833861123406679302
6833875810445708549
6833915319619161349
6833929861984275717
6833931435104079109
6833955505795271942
6834027294428810501
6834161211450395910
6834175069216935174
6834182955632741638
6834264529489235206
6834320088942824709
6834582423544630533
6834601881008884997
6834642519054093574
6834864558910213382
6834940596793265413
6834961477762354438
6835001481427553542
6835016178167975174
6835105492390382853
6835113902527761669
6835178249954299141
6835284289656048901
6835408391226035461
6835748357797989637
6835751962277907718
6835967392623922438
6836105679590165765
6836147851047750917
6836161131522854149
6836209128738721030
6836360707542355205
6836380749306891525
6836505052803353861
6836580508084833542
6836781448427621638
6836795085993086213
6836801576791788805
6836854089226226950
6836881127559482629
6837190360695917829
6837241935757970694
6837273541637868806
6837319426283425029
6837333822095248645
6837486538058747142
6837493020368096518
6837721937779690758
6838022898351951110
6838058435464957189
6838222236827012358
6838369964332682502
6838431068819983621
6838442162091248901
6838464288961727750
6838718841661558021
6838744422771920133
6838913603135933702
6838976847301201158
6838993614761151749
6839065716373671174
6839071376159100166
6839079433794505989
6839089833944632581
6839128927961697541
6839288846119652614
6839299324896103685
6839367865301224710
6839377303210937605
6839379659277307141
6839409399564455173
6839412064818138374
6839459818168765701
6839503127406710021
6839714716995161350
6839833885321235718
6839872419528740101
6840062294756527366
6840157158911331590
6840243110585355526
6840256129763724549
6840261100752178438
6840363014319901957
6840552992425446661
6840632189722414342
6840652863853595909
6840796200275414278
6840862999754984710
6840901994304015621
6840964237473434885
6840968828961246469
6841257559861579014
6841310526702767366
6841327650779254021
6841568230843124997
6841615311049870598
6841642208349703429
6841656847057833222
6841661581105925382
6841810131978652933
6842022661267148038
6842078513407724806
6842128393513733381
6842131334417157381
6842171632690220293
6842296471711173893
6842313755506871558
6842341714481499398
6842353577827077382
6842362398163193094
6842377168647900421
6842431131330153733
6842456271438859526
6842485317929291014
6842563211418455302
6842785017026923781
6842840624039742726
6843067528030293254
6843097937820552454
6843161811349523717
6843169562196790533
6843232750015745286
6843303306614377729
6843429312603884806
6843538521962056965
6843560020118883589
6843775487949425925
6843809903358921990
6843815851498507526
6843865165012667653
6843892544410111237
6843923277430164742
6843974572744756486
6843991102182198534
6844141727280925957
6844235310654590213
6844293378885094662
6844309375130062086
6844327949672385797
6844560153757469957
6844879415973907717
6845008436803964165
6845067655997574405
6845141146327452933
6845292470591409413
6845306587515555077
6845358021716086022
6845419713455983877
6845439918089587974
6845440494311427334
6845695933213183237
6845702507230940421
6845704029880716550
6845712811759258886
6845763506545986821
6845791380070075653
6845864393121467654
6846073338318605574
6846147187060083974
6846462784549424389
6846491184748121349
6846496390676303109
6846519405824789765
6846537870841253125
6846807880809712902
6846808865657326854
6846862204369734917
6846886369852280070
6846928963202239750
6847088610710179077
6847099809518669061
6847161436439956742
6847165847891397893
6847188598362508549
6847196419787427078
6847217242971622662
6847250759738871046
6847270726592892165
6847273649712516358
6847524046364626182
6847570828255579397
6847601230269648134
6847637213992471813
6847865907092425989
6847894014482484485
6847950024324812037
6847965298755112198
6847972234452110597
6847975237762452742
6848038371793620230
6848085319808552198
6848280346514001158
6848288544545459461
6848315873523027205
6848350735369866502
6848439686940151045
6848453482895133958
6848725606180326662
6848776038743379206
6848785365822737669
6848849694379052293
6848967552689851654
6849115453420309765
6849117129359281414
6849117788452179206
6849186688887966981
6849219833737891077
6849220902119279877
6849283604275809541
6849352790624537861
6849426474957655301
6849451342512065798
6849453727464656134
6849490916781083910
6849516994534870278
6849745588603325701
6849790852676603141
6849805238132624646
6849815661108038917
6849817707580361990
6849885183865261318
6850169176867360006
6850174743971237125
6850201972453215493
6850209948878638342
6850222003450842373
6850256159002217734
6850274898116431110
6850295919083130118
6850497838636420357
6850556611950284038
6850558720049515781
6850596684108451077
6850753350045093126
6850824055688318214
6850872708134210821
6850887633564929286
6850908235008888070
6851030527365958918
6851033985502498054
6851084841937571078
6851331909780311302
6851365229570395397
6851378899742395653
6851392397843205382
6851532958021569798
6851604266558213381
6851653386853453062
6851657530519719174
6851694360401071365
6851730072081009926
6851763635027528965
6852257948014628102
6852411029398260997
6852497027629092102
6852730793068956933
6852795271609502981
6852811991761964294
6852848692362251525
6852853558103051526
6852913472548736261
6852994438906547461
6853011144467156229
6853100974295338245
6853151669094534405
6853198604262231302
6853200083563924741
6853209423666629893
6853214552738286853
6853440220583447813
6853465962939714822
6853507052694818053
6853566987692543238
6853663940044475653
6853783419952975110
6853845565483109638
6853852897323633926
6853859448683777285
6853896669323447558
6853902422520204550
6853976066604764422
6854008142146112774
6854020935847136518
6854043291319651589
6854181346143653126
6854203034218630405
6854225189635411205
6854256735436246277
6854361018244664582
6854376215906684165
6854386471474908422
6854514507339861254
6854519177936489733
6854557424343469317
6854639117204983045
6854647118745931013
6854715107394555141
6854973598017359110
6854989774722321670
6854996417551944966
6855008587853368582
6855015494051794182
6855025640534543622
6855050995630738694
6855318837991099654
6855336257556352261
6855360281170824453
6855441978893651205
6855444480238062853
6855450523097763077
6855451162359991557
6855475024506162437
6855689670202789126
6855728537719147781
6855864036156787973
6855873827507916037
6855906921459895557
6856017714431954181
6856069526182808838
6856082927307083013
6856093314987363590
6856098444319264005
6856133786187336965
6856147241191755013
6856157190445632773
6856174621578759429
6856203952355151109
6856348815826423045
6856442392971611398
6856443720527514885
6856496645304110342
6856504927313841413
6856566115510914310
6856588213767638278
6856895426067500293
6857144610104413445
6857226682797985029
6857231536735997189
6857572417909411077
6857626097719233798
6857773364539313414
6857947039456611589
6857979921088662789
6858014018393722118
6858052163009023238
6858156659269750021
6858218425731370246
6858292609643826437
6858298646262238469
6858309437103295750
6858397328928181509
6859000668854734086
6859131828847086854
6859166877864774917
6859210677781843206
6859420271368080646
6859502002100112646
6859626007175941382
6859751327455612166
6859840375125839110
6859849411397209350
6860004245349944582
6860084040486210821
6860178170562317574
6860194479207435526
6860208699839909126
6860315501512363270
6860327456906202373
6860460372676136197
6860492525854051590
6860511796827081989
6860537907602558213
6860858508896750854
6860914703942569222
6860917504814959877
6860947830371142918
6860970061977390342
6860991741936307461
6861261139175591174
6861276102023793926
6861600226310999301
6861618166192262405
6861715563123576069
6861860773019323653
6861959719129468165
6861981597558754566
6862089790615981318
6862171347091524869
6862300016531295494
6862426433617202437
6862433761548602630
6862483013708696838
6862768833720028421
6862884397222284550
6862896770821721349
6862907965276556549
6863048796302101765
6863087471320665349
6863157322240314629
6863159628637834502
6863169163561553158
6863196394056912134
6863307351483518213
6863439182128237829
6863506284436655366
6863518776059645190
6863570140982742278
6863600008114048262
6863667752566050054
6863854944391335173
6863858466071612677
6864186798650789126
6864190898746428677
6864223209110195461
6864395176723385606
6864637313893403910
6864649965470272773
6864660037743250694
6864665393340910853
6864682360177282310
6864695030347615493
6864696179444190470
6864726268139654405
6864768662201486597
6864962621553134853
6864978009695227142
6865001318927371525
6865327529352367366
6865367421226732806
6865389666066025734
6865412774684593414
6865718997002833157
6865743294933011718
6865751620794322181
6865764308240911622
6865821109342735621
6865823957136739590
6865832554063301894
6865913613442387206
6866037059685993733
6866040698269961478
6866070403735883014
6866082814790520070
6866144535680912645
6866146821245357318
6866196619742727430
6866198048649825542
6866210991626046726
6866240922636553477
6866260336148761862
6866426445326028038
6866430781691071749
6866453687875751174
6866509445816405254
6866509714461576454
6866542922838428934
6866559634061217029
6866587998251764997
6866600813381340421
6866645456571747590
6866823515287440646
6866945196496571654
6867040280449748230
6867131472864709893
6867181854001335557
6867209252935699717
6867300774876155142
6867315985506913541
6867596775423773958
6867635492179938565
6867636797304868102
6867649886238608646
6867666401809681669
6867918015904664837
6867997692954447109
6868266783871126789
6868279961157979397
6868369968401059078
6868401310216015109
6868411464638631173
6868415179512679685
6868437491951619333
6868464706479344901
6868553513035697413
6868680449045155078
6868705416252001542
6868727047133367554
6868766419841010950
6868786398502161670
6869022388688915717
6869090044402060550
6869105460818005254
6869188940335811846
6869272656097709317
6869274859143269637
6869455406616300805
6869469431412641029
6869500417340919045
6869522162890444037
6869522828287315206
6869764234847276293
6869768286565829894
6869782150963662085
6869807976757185798
6869829045752810758
6869898454311783686
6869913680872606982
6869949921789824262
6870077631346248966
6870089804760042757
6870147600717270277
6870152082368859397
6870167109729553670
6870220370650090758
6870257241568578822
6870286226411359494
6870491537394928897
6870549992969456901
6870568920840015106
6870570888136232197
6870571295386488070
6870590381558385925
6870607963963411717
6870626220233542917
6870654584445095173
6870683371408788742
6870698591699111173
6870919175557172485
6870951977765948678
6870953181770239238
6871025726376643845
6871153022249028870
6871265104093056262
6871267966885825797
6871275069587377414
6871275573923122438
6871304346697567493
6871438483378932998
6871510443492396290
6871601562913918210
6871652638656613638
6871693500988132614
6871790150771330310
6871813295871888645
6871852649042464006
6872000933685923077
6872134763721854214
6872328890413485317
6872355424163646722
6872364245032504581
6872429359311932677
6872460195193212165
6872464891270286598
6872465962973629702
6872704424205110534
6872725227898473733
6872782391744728325
6872792177164963074
6872810269593144581
6872829753737432325
6872894967690366213
6872902124976557317
6873152416968215813
6873183998986685702
6873188267601251590
6873261272062856454
6873281471906450694
6873307223452290309
6873310889827716357
6873319297385532677
6873493012173917445
6873508334830505222
6873556922574851334
6873566347662593285
6873570190714522885
6873587220234767622
6873589048015867141
6873594459079085317
6873733198044564737
6873899968546082054
6873912972209573125
6873930362691521798
6873935788388732166
6873968338041572614
6873973717714668805
6873990481903176965
6874007944762035461
6874248248819862789
6874256328311786758
6874277021954886917
6874316054605155590
6874348501090831622
6874366640482536709
6874380561809558790
6874396316601011461
6874397291164241157
6874405807019134213
6874453293955878149
6874552610779663622
6874690472875445510
6874706214207425797
6874725034447867142
6874801486119832838
6874980345234705669
6875005374756392197
6875038049030491398
6875055244355620101
6875056952364240133
6875075225537613061
6875090240265080069
6875167085928926470
6875173499221167365
6875377458485464326
6875409976785915141
6875415392748064006
6875432488768916742
6875738060554833157
6875766692048325893
6875831833490214150
6875844523243670789
6875858185308179717
6875870245072981254
6875928443721239813
6876073266377805061
6876083936561319169
6876104947243502850
6876154483013913862
6876177063707938054
6876207035889847557
6876232866880048390
6876241283770223878
6876250690704952581
6876447207072025862
6876455241223556357
6876463738338217218
6876506854646648069
6876527115412589830
6876531333582114054
6876536407628713221
6876555033610161414
6876560261264739589
6876582859658759429
6876590038210170118
6876801890022198533
6876807158550252806
6876841174863334662
6876865659771391238
6876880535520578821
6876915399649185030
6877026430140615941
6877055769783667973
6877305088860245253
6877306364436155653
6877347663751269637
6877350291721686277
6877356105991867654
6877376218564414725
6877472247498542337
6877555435226926341
6877587251593891078
6877587892982566150
6877590964387482882
6877642054499831045
6877921511542492421
6877926801687989510
6877941150607609094
6877946860464557318
6877964686134988038
6877993165257821446
6878040583307267333
6878051619355790597
6878054022448827653
6878071379846106374
6878088696164355334
6878103499339468038
6878115880996228358
6878121814447426821
6878127993156373765
6878134644215237893
6878143545023286530
6878146823601556741
6878174735352581382
6878179523918187782
6878235509513080069
6878245253300653317
6878266257691380993
6878277730660519173
6878280493683510533
6878280683840736517
6878308758217428230
6878325543478021382
6878329050310511878
6878339786164178181
6878344887830449414
6878368541079342342
6878393538422295814
6878394764593499398
6878397306555747589
6878411801877417222
6878425728782847238
6878433912335371526
6878437527330557190
6878450831360871686
6878462607355956486
6878477507025259777
6878480375803383046
6878482832692415749
6878616728662723842
6878668634126945541
6878693534686334213
6878736783002193157
6878743135078468869
6878752215276752134
6878769119164927237
6878782170656214277
6878801083901234437
6878889161219116293
6878925222205066501
6878939983185562881
6878961090198375682
6878997118581804293
6879043345755196678
6879062270954016006
6879074591550082310
6879085259154115846
6879152802795392261
6879153283735244038
6879219017307999493
6879370902551743749
6879386645582368005
6879452787915099394
6879468784483126534
6879495167250894082
6879566981696163077
6879577624264363265
6879599088703130886
6879602683825687814
6879769779247336710
6879822792242613510
6879862312476478726
6879870205212773638
6879890096225586438
6879896344983522566
6879922113378045189
6879946510495206662
6879950195564596485
6879990817331629318
6879994571397336325
6880126441472675077
6880157527993076997
6880195017890172165
6880199796947193090
6880229783653879046
6880230212806659333
6880258643015634181
6880290459038616837
6880303661872909573
6880309150090300677
6880355156060359941
6880385851650592001
6880581943793126661
6880606641968975110
6880631208414285057
6880647709129329926
6880650470034099461
6880697933294079238
6880709250000227590
6880733126851661061
6880734503824854278
6880776175052934406
6880841039167425797
6880882109855042822
6880914213062184198
6880921660581580037
6880924349214280966
6880929349613210885
6880950367127997702
6880963813349297414
6880967540818955526
6880975449804016902
6880983241948450054
6881033997204376837
6881036870952733957
6881062900329385217
6881120831368367365
6881199710594469122
6881208277405928710
6881254836860374278
6881256798758685954
6881270930308418822
6881281596834450693
6881292237884361990
6881313482885696774
6881319824690040070
6881349032774585606
6881353896917355777
6881364108826987781
6881377835517267206
6881379136330419462
6881430399294229765
6881472617778302214
6881489137170484486
6881666938087525637
6881731324412022022
6881747097792695558
6881770329887296773
6881770419477597445
6881781731909700870
6881877356668062981
6882029697430015237
6882083630479314182
6882113062774508805
6882114438506302726
6882148086077082885
6882184000908070149
6882370173282684166
6882379299320532229
6882387340225023237
6882411862365867270
6882414646234565894
6882422849231981830
6882481400046472454
6882496874142534918
6882514169434803461
6882515436777377029
6882634861216107777
6882834761216281862
6882840474885901574
6882842364080049413
6882877201243458822
6882950848385764613
6882988012167335174
6883138985988754694
6883162760411122950
6883172919615311110
6883243281002663174
6883260803751906566
6883286482275142914
6883314604278123781
6883317475115601157
6883551124494814469
6883570051010530565
6883602600457997573
6883609656091020549
6883613524640222470
6883614574197689606
6883625479824297222
6883626367703895302
6883637079125921029
6883676816578514181
6883678085271620869
6883684367630126342
6883693959051250949
6883847932437597445
6883883286154808582
6883890847713086726
6883894441027980549
6883895900784151814
6883898200663624965
6883900883168431365
6883983368929824006
6883986886868667653
6883987593856437509
6884001836903189766
6884002655786634502
6884009467181092102
6884018669106498821
6884031299292613893
6884069429479623942
6884181752366009605
6884294556003699973
6884321922511932677
6884335933110471942
6884339384955456773
6884392364022959365
6884416737446546693
6884640232751303941
6884656857638505733
6884659917546999046
6884683028552092933
6884720386806779142
6884746216341589253
6884846532110060805
6884959047792069890
6885003467761487109
6885004921314299142
6885035696784985349
6885060263763266821
6885088745612201221
6885090820177874182
6885107127774399749
6885107448412228869
6885141626809814278
6885332009548385541
6885392212696370438
6885403130297732357
6885427214763052293
6885441925529275653
6885444800233966853
6885458539934960901
6885473224310738178
6885474139147226374
6885476783005732102
6885485630403448070
6885486070885027078
6885493245892103430
6885532492862885125
6885686064887991558
6885729970996399366
6885751148888870149
6885797175549381893
6885800039705251077
6885821918788816133
6885834351523761414
6885845335579626757
6885848912570158342
6885854044779220229
6885877730815102214
6885915066810518789
6885935131924778246
6885965300190203138
6885967947567795461
6885999209103871238
6886027167717739781
6886094499223850245
6886113788311932165
6886115713392676101
6886116285910912261
6886120156678900997
6886129731184430337
6886132209607085317
6886132787015929093
6886136929566362886
6886173012404538629
6886184077427232006
6886185694163766534
6886197943674719493
6886201464390176005
6886206451245845765
6886206940674854149
6886242941497576709
6886440408893656325
6886472059279478021
6886473009113074950
6886477928071318789
6886478397845818629
6886559606412233990
6886571767796600069
6886576506739428613
6886591404986977541
6886617657974508805
6886618161995681026
6886622094277233921
6886622166452817158
6886628741485726981
6886644129497976070
6886647161535220997
6886647519930092805
6886650095048215813
6886656449552993541
6886686703310982405
6886691862728543489
6886712464562523398
6886767844210593026
6886795876329655557
6886798978550091010
6886807976439483654
6886849142727986438
6886876712504724742
6886885677296815365
6886889948847377670
6886922596290530566
6886928393930067205
6886943485623061766
6886964817618291973
6886989873757146374
6887008734497803526
6887093657229397250
6887137128006962434
6887147435882286342
6887166032943779074
6887201738189753601
6887227193944968454
6887228344753048838
6887229513160199429
6887238307831385350
6887240658675944709
6887242899965218050
6887264040779861253
6887273074509581574
6887296753234693382
6887307131024936197
6887329124340206853
6887339589296606470
6887388859320077574
6887396747291725062
6887429402183978245
6887528092533918981
6887622278373313797
6887626110939499777
6887639465590869253
6887666791045205253
6887667625120288006
6887691192771857669
6887700198265556229
6887700465543335173
6887703370698624261
6887705657953225989
6887733164576443654
6887751042713308422
6887762050924219654
6887770464844827909
6887810879354572037
6887855231628037382
6887948942554844422
6887949953310723333
6887950249655160070
6887954474166488325
6887967922069785862
6887968330880273670
6887972784710978821
6887981956840033541
6887992817596124421
6888008131494890757
6888017278835641606
6888036652543954182
6888037727217011973
6888039180325162245
6888064451795225861
6888071948291640581
6888077006857047302
6888081711976992005
6888097874349919494
6888099257321147653
6888099501698059525
6888105610865364229
6888111033496390917
6888113260092984581
6888134010975898886
6888136510017670406
6888219264789024002
6888297820206517510
6888310633272560901
6888330657798327558
6888341144741104901
6888346853335649542
6888352209252273410
6888369216672648454
6888387879383420166
6888396390305631489
6888412910020807941
6888418539653352709
6888421802805136646
6888423916252040454
6888426665345699077
6888431029565132037
6888453518294813958
6888492218361892102
6888519063996239109
6888542944677170437
6888577148655766790
6888681101196381446
6888701075243781382
6888707017192574213
6888726577635511557
6888729447374146821
6888748835389148418
6888750109421620486
6888759739153419525
6888775639541845254
6888781775183564037
6888794584864804101
6888796246509620485
6888811878273862917
6888840704856952069
6888849065790950661
6888901921537592581
6888902351252491526
6888910550319893762
6889027089417145601
6889109520342125830
6889128763418873093
6889150684311080198
6889158151501892870
6889167304815348998
6889187790693649669
6889191581878930693
6889207964851358982
6889209033052441862
6889212010203057414
6889330804053331202
6889420711992020230
6889437230327172357
6889445125919886597
6889467623554157830
6889477231454752006
6889485991359384838
6889502768449490182
6889523908622454018
6889528888536468742
6889536248583687430
6889544698180979974
6889555090584210694
6889570718774758661
6889591977730444549
6889621852877081861
6889640438290976006
6889640816785001733
6889652234699771141
6889700900416261381
6889703838123658502
6889792614795676934
6889820859146587397
6889847765451508997
6889861323128081669
6889873119679352070
6889885331575835910
6889924077721521413
6889925944564337925
6889936703138712838
6889937046618557701
6889945843080776965
6889983279676607750
6890094978647723265
6890129632230771974
6890164738173521158
6890206963330764037
6890214432006229254
6890217866109504773
6890248569597480198
6890248829766012166
6890249884276968709
6890250857015708934
6890256886667496709
6890260104772455685
6890268375046540550
6890282014524656901
6890295873943735558
6890314702346259718
6890324086187232518
6890325558903770369
6890340657571958022
6890345970513480966
6890347579792723205
6890366943115676933
6890430754505936129
6890501903185120514
6890516959226580226
6890521258140765446
6890531096568548614
6890540582033296645
6890542555725942022
6890553609734458630
6890562254073367814
6890582799577894150
6890583354752765186
6890600357643177221
6890600728826481922
6890602064926362885
6890605204698418438
6890605679413923078
6890613045068844293
6890635347017895174
6890643577555160325
6890647868311457030
6890652703693786373
6890658556262075653
6890674031092174085
6890686696065748229
6890696766555950341
6890700522609708294
6890700994976451845
6890706273784925445
6890711919808826630
6890713148450409734
6890721918509436165
6890722585651236101
6890735804268711174
6890747036719664389
6890757072799960326
6890775375320796421
6890777155144338693
6890785656751017221
6890880308313476357
6890892760707009797
6890897680533359877
6890898872080551173
6890908207783496961
6890927670025129218
6890933276903558406
6890936532044107013
6890943096855596293
6890944452429499653
6890948416231312645
6890953992981974273
6890959987506564358
6890960628488408326
6890962029239110917
6890964258176158981
6890967583625956614
6890970596742647045
6890976435868093697
6890979206025448709
6890982501154639109
6890990525239921925
6891001446645386502
6891005479464504581
6891006262671117573
6891009991143083266
6891012842464480517
6891013986540735749
6891014903851732229
6891017029051108614
6891025251380038917
6891028693582482693
6891029434091064582
6891033963435953413
6891035742206741761
6891036339379227910
6891038465383877893
6891039549741485317
6891040994398096645
6891041916771781894
6891051620038184197
6891052854027570434
6891057402184076549
6891060313316134149
6891060486939495685
6891064360177913094
6891064378787908869
6891065285281942790
6891067739239124230
6891067876455812358
6891071874604764421
6891077049449057541
6891080861568044294
6891082841690475777
6891082954248916230
6891086824538721541
6891095447717301510
6891096850779147525
6891098842436095237
6891106509799836934
6891110280131104006
6891112897037044997
6891118360021470470
6891122482716101894
6891124562726112518
6891126580089818374
6891136211180653830
6891142373284367621
6891145455225392390
6891170490132466949
6891179750748998918
6891180433132899590
6891186816444009734
6891193667726396677
6891201330493410561
6891221288040369410
6891237887950540033
6891240431716224262
6891261112487021825
6891268264152845569
6891273950911941894
6891281140724944134
6891288676941171974
6891289393231908102
6891291181825674502
6891291761914760449
6891296645015670017
6891304284583939334
6891305345373785346
6891312236598398213
6891313824956157189
6891316650868477190
6891319732750912773
6891325158200544517
6891325484341234946
6891326084759964934
6891329775084915974
6891339943134727429
6891340561433824517
6891342041259822341
6891342101406174469
6891342665250589958
6891347021282807045
6891364448431328514
6891365877023788294
6891366296894590213
6891368137774697734
6891377986046659845
6891383170072153346
6891385244310686982
6891389754936495365
6891390809988500742
6891392121203363078
6891393103291239686
6891394251301637381
6891395991749070086
6891396103963413766
6891397980339948806
6891399785278901510
6891401198360988934
6891410607287897350
6891415696157232389
6891416341442612486
6891417272200547590
6891429118013918469
6891432118077967621
6891440107346300165
6891445727759764741
6891454224241118470
6891455320405593349
6891459493087988997
6891467814993939718
6891470004621954310
6891470975120985350
6891471944953253126
6891483225613552902
6891489637211081990
6891491655812140294
6891494599559253253
6891497586914594054
6891499905345522950
6891505543169494277
6891519285945060614
6891519936254971141
6891544557633228037
6891545127697911046
6891561558002961665
6891587688420494597
6891596091649772802
6891625792485346565
6891627496849083649
6891629892182674690
6891631825911942405
6891632708548562182
6891643593392508161
6891651509256260870
6891671659703504133
6891684526032981250
6891695365687430406
6891699660725980422
6891700005430693126
6891701856146345217
6891702193506766085
6891702322288790786
6891703298705919233
6891703662465305858
6891705038184434946
6891712675714223365
6891719019334864133
6891726097248046342
6891727245904186630
6891731720463224070
6891736016219098374
6891744169006566661
6891758552520674561
6891763479389293829
6891769946594921733
6891776815531117829
6891779063736798465
6891780283163528453
6891783134522756353
6891783891363876101
6891797020378516742
6891798385087548677
6891801445243342081
6891807391147412737
6891817190241078533
6891820168343850246
6891823156907101445
6891825751620947206
6891833652141903109
6891834668610637061
6891835264130501894
6891854415658110214
6891860808167410950
6891864662250474754
6891872149741636870
6891877993732443398
6891884536112762114
6891890098607033605
6891896411818937605
6891931231500471557
6891938397544353025
6891942313774402817
6891962463252647173
6891974293136198918
6892012420324134146
6892029309318597890
6892031907043872001
6892033111182331137
6892038315839786241
6892040467547000069
6892043880309460229
6892051086094404870
6892051230722444550
6892055522770537734
6892065278419537158
6892067409033841926
6892080408041655558
6892080950042217733
6892082949529931013
6892083075782626562
6892086316142546182
6892090313507196166
6892095631364459778
6892099595543776518
6892101728750062850
6892103002316868870
6892106494922198277
6892107461549952261
6892115079802735874
6892115773796420870
6892121741460622597
6892122584318594310
6892131855647149314
6892134445684378881
6892135096107715845
6892141629591883013
6892143177491352838
6892160178523868422
6892167029734788358
6892180443974749441
6892193566290889985
6892202272076385542
6892237736606977286
6892253680691580165
6892271062919286018
6892339238948605186
6892359018287729921
6892385887884201222
6892403154445421829
6892420077782633734
6892422744185621765
6892423208096648454
6892424189047786758
6892425355966074117
6892427274486877446
6892427865577573638
6892428865663225093
6892429990558813446
6892431100283522309
6892432421124459782
6892432949485014278
6892433141223492865
6892433728006573318
6892436106931932421
6892437219366145286
6892437279437049093
6892437660951006469
6892438926267649285
6892441961236630785
6892442035043699973
6892443854801341701
6892447117705497862
6892447205966220549
6892451007519935750
6892453540686564614
6892454161409969414
6892456682564226309
6892458110309403910
6892458631925615873
6892463501860703494
6892464446401252614
6892464867157101830
6892465003555720454
6892468135371361542
6892469893975870725
6892471419238731013
6892479343218511105
6892479886972292357
6892480175813053701
6892480784792292610
6892483280407465221
6892484151673490694
6892484225761561857
6892486686773742853
6892488385424903429
6892495865538235653
6892497877478706438
6892508320024857861
6892510308066184450
6892515492498590981
6892516002802699521
6892516256092638466
6892516482501053701
6892518177826213125
6892524543248829701
6892530518965898501
6892531415724952837
6892532510144728325
6892532773119184134
6892532949216955653
6892533894122409218
6892536015077117189
6892538441494465797
6892539324441660678
6892543846790466821
6892545114770574598
6892553132136516870
6892569850695257345
6892570167595781377
6892571383646162181
6892572816227519749
6892574384796536069
6892574966269676805
6892584836347841798
6892585753814060294
6892595652769877249
6892597638911380741
6892601587236080901
6892602453326335238
6892607218781277446
6892609186484522246
6892609541939219717
6892625420668161285
6892652885977369861
6892691035735084294
6892694377156644098
6892716058055085314
6892727511646555398
6892774373862804737
6892790014908910850
6892811541691911429
6892815303001066754
6892821920132156678
6892823972694543621
6892829425033809153
6892845941720681730
6892856491183738118
6892869393089432834
6892874869009108230
6892881361766468870
6892903712201772294
6892905059777105158
6892914854659624197
6892917670325374210
6892920643042495750
6892923845091544326
6892924297162132742
6892939993417895173
6892958726513298693
6892965094087593222
6892969207680568582
6892972351038819585
6892972589275172098
6893020358711004421
6893069592671931649
6893070073339071750
6893097278777593089
6893107164336966913
6893112025010949382
6893152112277081346
6893181113032887554
6893182515255840006
6893210288821144837
6893213053316304133
6893213082131238150
6893227646205873414
6893230857100807425
6893234436498836738
6893243676735081733
6893248246345485574
6893270113152191749
6893271960336223494
6893274789566270722
6893304751006469382
6893354614180105477
6893357503241784582
6893456537977670913
6893514458245680390
6893556251314113798
6893578418252729605
6893584334284918021
6893594053984783621
6893613767884688645
6893622302219439362
6893624259126627589
6893640757643709702
6893668045512822021
6893853881952980230
6893857722874268933
6893902296053239045
6893907731686739206
6893918036307266817
6893918540416421125
6893939640085024006
6893942106939723013
6893962344083328261
6894000505530436869
6894062906464341253
6894088949170441477
6894319544614128902
6894341527045213445
6894409408353291525
6894450080619777285
6894495849682881798
6894516587294919938
6894697963105357057
6894784198398201093
6894789217487031557
6894802046071983365
6894964781652970758
6895010377940143365
6895100333500976389
6895132001108610309
6895144217560042758
6895161390949059845
6895456510785162502
6895474015540923653
6895509110515600645
6895510994299211014
6895551114389835013
6895739906967031045
6895742379605642497
6895764283779484934
6895802818905558278
6895849940984122626
6895856984076176646
6895874881964100870
6896097785481858310
6896179321128504581
6896183567047593222
6896187099830144262
6896275479813262598
6896292387052653829
6896432693270023425
6896468473220713734
6896468561070525702
6896478062825786629
6896515761737714950
6896534689092242693
6896548355715943685
6896674688072830214
6896880560644410630
6897220981459258629
6897283056630009093
6897291443405065477
6897312672673582341
6897323541612563718
6897392929946471686
6897654469417356549
6897657859161574661
6897686441405484294
6897736913634069765
6897797783420505349
6897866316217158918
6897885003431136514
6898091278005832965
6898105935336656134
6898135130037128454
6898394734784515333
6898411571991629061
6898446130242194694
6898452341259783429
6898480028623883526
6898503728450620677
6898563916859788550
6898737774929759493
6898806192856976646
6898824121539366146
6898922410423176454
6899057599828757766
6899156124063321349
6899211642555485445
6899376456653180165
6899497962104229125
6899551038706126085
6899587345075522821
6899818595312733446
6899929057216056578
6900024512226528518
6900240009618623750
6900297767416040709
6900392245279591686
6900419944903675138
6900635178608217350
6900698654848404741
6900785502178348294
6901333012185615622
6901361129096875269
6901487775162404101
6901523163323075845
6901674988860886278
6901738194757242118
6901761114846055685
6901806986329935110
6901856301920406790
6901979409662741766
6902023318497447174
6902071985237544198
6902215255254994182
6902238779776470277
6902544341739310342
6902679826788879622
6902866565583146245
6902922883287239941
6902945243620969734
6903173180639251717
6903208612936568069
6903245952530779398
6903283116824169734
6903608460613537029
6903842118020648194
6903934413558631685
6904004201513307397
6904014328068836613
6904026092676320517
6904047070039035142
6904093634778434822
6904122862387432709
6904141853671689478
6904256502270315781
6904398269019917574
6904442432448957702
6904620677823778054
6905019929653742854
6905147204265086213
6905289818289278213
6905376661127138566
6905550376116735233
6905559603388353798
6905560898337836293
6905635914014395654
6905820996494757126
6905847885607324934
6905876411047791878
6905957155350908165
6906119538451025157
6906121878092500225
6906192299185769733
6906196122130304261
6906353762168753413
6906487031648603398
6906572432644066565
6906603213290491142
6906607234814463238
6906616646744526085
6906617936732097797
6906964894726327558
6906988504526425350
6907015370356378885
6907036057787714822
6907087547655064838
6907092613799677190
6907240224238144774
6907337685921320198
6907368535434005765
6907389478944378117
6907397927853886726
6907408770498940166
6907565494799174914
6907632848803581190
6907642757678959878
6907696488764198150
6907719246176914694
6908115692986387718
6908132755188632837
6908470884881747205
6908507643640368389
6908616876390141185
6908747915024534789
6908750687006444806
6908802820091186438
6908850322786012421
6908872623191526661
6908906726477532422
6909082880199249158
6909122015018405126
6909140029499788549
6909151884326571270
6909158933961772293
6909171739436043525
6909195256340827393
6909233466651561221
6909339126730951941
6909467524702784769
6909563264376638726
6909627364012068101
6909669383933611270
6909680029559508230
6909898883644525830
6909982353133702405
6909997561520622853
6910007125699726598
6910165930911747334
6910417298532601094
6910622201133812998
6910632751867710725
6910665437806103814
6910683240009321733
6910753000936000774
6910785645552225542
6911000297867316486
6911080599797157125
6911113652703743237
6911149171630230789
6911173760242502917
6911345168406859014
6911420939745905925
6911449151817534725
6911713555632917765
6911800260524281094
6911813210655952134
6912181165650644229
6912421971791809798
6912523983237713158
6912550447928610053
6912557140808977670